# Created by Octave 4.0.0, Sat Nov 28 18:56:10 2015 EST <jbuckman@ivan-the-K501LX>
# name: model
# type: cell
# rows: 1
# columns: 1
# name: <cell-element>
# type: matrix
# rows: 2
# columns: 10
 2.223817851531636 -2.31019915314676 -2.68641809943456 -2.686376032951229 -2.797405251582502 -2.662655510121608 -2.803441721509384 -2.744200858116085 -2.691707337381071 -2.659742713843857
 -4.519099226520029 4.684224073363914 -1.353673844630175 -1.361461879796024 -1.045699193503607 -1.411070109587037 -1.03642323617575 -1.200140851300169 -1.344864103069343 -1.415290716305467





