# Created by Octave 4.0.0, Thu Dec 03 13:45:54 2015 EST <jbuckman@ivan-the-K501LX>
# name: i
# type: scalar
1000


