epoch_i =  23
outlayer =

   1.0000e+00   1.0000e+00   4.2858e-30   1.4456e-21   1.0000e+00   1.0000e+00   1.0000e+00   2.4344e-63   1.0000e+00   9.7889e-01

out = 0
outlayer =

   1.0000e+00   1.0000e+00   4.2858e-30   1.4456e-21   1.0000e+00   1.0000e+00   1.0000e+00   2.4344e-63   1.0000e+00   9.7889e-01

ans = right
outlayer =

   1.0000e+00   4.2477e-06   1.0000e+00   8.8424e-10   1.0000e+00   1.0000e+00   9.9999e-01   1.5483e-66   1.0000e+00   1.0000e+00

out = 4
outlayer =

   1.0000e+00   4.2477e-06   1.0000e+00   8.8424e-10   1.0000e+00   1.0000e+00   9.9999e-01   1.5483e-66   1.0000e+00   1.0000e+00

outlayer =

   1.0000e+00   1.0000e+00   3.0104e-37   4.0092e-37   1.0000e+00   1.0000e+00   1.0000e+00   2.3765e-38   1.0000e+00   1.0000e+00

out = 0
outlayer =

   1.0000e+00   1.0000e+00   3.0104e-37   4.0092e-37   1.0000e+00   1.0000e+00   1.0000e+00   2.3765e-38   1.0000e+00   1.0000e+00

outlayer =

   1.0000e+00   9.9781e-01   1.5704e-35   1.1406e-44   1.0000e+00   1.0000e+00   1.0000e+00   2.3403e-74   1.0000e+00   1.0000e+00

out = 0
outlayer =

   1.0000e+00   9.9781e-01   1.5704e-35   1.1406e-44   1.0000e+00   1.0000e+00   1.0000e+00   2.3403e-74   1.0000e+00   1.0000e+00

outlayer =

   1.0000e+00   1.0000e+00   1.3984e-22   2.6723e-51   1.0000e+00   1.0000e+00   1.0000e+00   3.7340e-48   1.0000e+00   1.0000e+00

out = 4
outlayer =

   1.0000e+00   1.0000e+00   1.3984e-22   2.6723e-51   1.0000e+00   1.0000e+00   1.0000e+00   3.7340e-48   1.0000e+00   1.0000e+00

outlayer =

   1.0000e+00   9.0778e-01   4.6507e-19   1.3578e-40   1.0000e+00   1.0000e+00   1.0000e+00   2.8533e-58   1.0000e+00   9.9799e-01

out = 0
outlayer =

   1.0000e+00   9.0778e-01   4.6507e-19   1.3578e-40   1.0000e+00   1.0000e+00   1.0000e+00   2.8533e-58   1.0000e+00   9.9799e-01

outlayer =

   1.0000e+00   1.0000e+00   1.5566e-29   1.4544e-36   1.0000e+00   1.0000e+00   1.0000e+00   1.0331e-42   1.0000e+00   1.0000e+00

out = 0
outlayer =

   1.0000e+00   1.0000e+00   1.5566e-29   1.4544e-36   1.0000e+00   1.0000e+00   1.0000e+00   1.0331e-42   1.0000e+00   1.0000e+00

outlayer =

   1.0000e+00   4.0856e-03   1.4274e-22   2.3779e-12   1.0000e+00   1.0000e+00   1.0000e+00   1.2218e-78   1.0000e+00   1.0000e+00

out = 0
outlayer =

   1.0000e+00   4.0856e-03   1.4274e-22   2.3779e-12   1.0000e+00   1.0000e+00   1.0000e+00   1.2218e-78   1.0000e+00   1.0000e+00

outlayer =

   1.0000e+00   9.9791e-01   7.0532e-04   9.9885e-01   1.0000e+00   9.9988e-01   1.6252e-06   1.0955e-67   1.0000e+00   1.0000e+00

out = 4
outlayer =

   1.0000e+00   9.9791e-01   7.0532e-04   9.9885e-01   1.0000e+00   9.9988e-01   1.6252e-06   1.0955e-67   1.0000e+00   1.0000e+00

outlayer =

   1.0000e+00   1.0000e+00   5.7148e-19   1.3904e-15   1.0000e+00   1.0000e+00   1.0000e+00   8.4563e-74   1.0000e+00   1.0000e+00

out = 0
outlayer =

   1.0000e+00   1.0000e+00   5.7148e-19   1.3904e-15   1.0000e+00   1.0000e+00   1.0000e+00   8.4563e-74   1.0000e+00   1.0000e+00

outlayer =

   1.0000e+00   3.9499e-15   1.3322e-22   3.2414e-25   1.0000e+00   1.0000e+00   1.0000e+00   3.5845e-85   6.0537e-03   4.2258e-11

out = 0
outlayer =

   1.0000e+00   3.9499e-15   1.3322e-22   3.2414e-25   1.0000e+00   1.0000e+00   1.0000e+00   3.5845e-85   6.0537e-03   4.2258e-11

outlayer =

   1.0000e+00   1.0000e+00   2.4298e-36   1.5978e-39   1.0000e+00   1.0000e+00   1.0000e+00   3.3124e-47   1.0000e+00   1.0000e+00

out = 0
outlayer =

   1.0000e+00   1.0000e+00   2.4298e-36   1.5978e-39   1.0000e+00   1.0000e+00   1.0000e+00   3.3124e-47   1.0000e+00   1.0000e+00

outlayer =

   1.0000e+00   9.7767e-17   2.2100e-23   1.4400e-11   1.0000e+00   1.0000e+00   1.0000e+00   2.6906e-77   9.4651e-01   1.0000e+00

out = 0
outlayer =

   1.0000e+00   9.7767e-17   2.2100e-23   1.4400e-11   1.0000e+00   1.0000e+00   1.0000e+00   2.6906e-77   9.4651e-01   1.0000e+00

outlayer =

   1.3939e-03   2.7512e-09   2.7684e-26   6.5990e-22   1.0000e+00   1.0000e+00   1.0000e+00   6.1798e-71   1.0000e+00   5.9674e-12

out = 4
outlayer =

   1.3939e-03   2.7512e-09   2.7684e-26   6.5990e-22   1.0000e+00   1.0000e+00   1.0000e+00   6.1798e-71   1.0000e+00   5.9674e-12

outlayer =

   1.8848e-03   1.6669e-09   9.7864e-23   2.9248e-15   1.0000e+00   1.0000e+00   1.0000e+00   2.5087e-61   1.0000e+00   1.0000e+00

out = 4
outlayer =

   1.8848e-03   1.6669e-09   9.7864e-23   2.9248e-15   1.0000e+00   1.0000e+00   1.0000e+00   2.5087e-61   1.0000e+00   1.0000e+00

outlayer =

   9.9996e-01   1.0000e+00   6.7259e-33   1.0832e-32   1.0000e+00   1.0000e+00   1.0000e+00   1.7338e-55   1.0000e+00   1.0000e+00

out = 4
outlayer =

   9.9996e-01   1.0000e+00   6.7259e-33   1.0832e-32   1.0000e+00   1.0000e+00   1.0000e+00   1.7338e-55   1.0000e+00   1.0000e+00

outlayer =

   1.0000e+00   1.1057e-10   1.4420e-19   8.9161e-21   1.0000e+00   1.0000e+00   1.0000e+00   1.2425e-72   1.0000e+00   1.0000e+00

out = 4
outlayer =

   1.0000e+00   1.1057e-10   1.4420e-19   8.9161e-21   1.0000e+00   1.0000e+00   1.0000e+00   1.2425e-72   1.0000e+00   1.0000e+00

outlayer =

   1.0000e+00   1.0000e+00   1.3796e-11   2.7988e-28   9.9999e-01   1.0000e+00   9.9991e-01   5.2929e-43   1.0000e+00   1.0000e+00

out = 1
outlayer =

   1.0000e+00   1.0000e+00   1.3796e-11   2.7988e-28   9.9999e-01   1.0000e+00   9.9991e-01   5.2929e-43   1.0000e+00   1.0000e+00

ans = right
outlayer =

   1.0000e+00   1.0000e+00   7.9901e-23   3.1439e-26   1.0000e+00   1.0000e+00   9.9999e-01   2.1497e-52   1.0000e+00   9.8900e-01

out = 0
outlayer =

   1.0000e+00   1.0000e+00   7.9901e-23   3.1439e-26   1.0000e+00   1.0000e+00   9.9999e-01   2.1497e-52   1.0000e+00   9.8900e-01

outlayer =

   1.0000e+00   1.0000e+00   1.4435e-05   4.9300e-16   1.0000e+00   1.0000e+00   1.0000e+00   6.4348e-52   1.0000e+00   3.1098e-06

out = 0
outlayer =

   1.0000e+00   1.0000e+00   1.4435e-05   4.9300e-16   1.0000e+00   1.0000e+00   1.0000e+00   6.4348e-52   1.0000e+00   3.1098e-06

outlayer =

   1.0000e+00   7.1641e-04   1.0000e+00   9.9971e-01   1.0000e+00   1.0000e+00   3.2612e-20   1.4721e-60   6.3290e-05   1.0000e+00

out = 4
outlayer =

   1.0000e+00   7.1641e-04   1.0000e+00   9.9971e-01   1.0000e+00   1.0000e+00   3.2612e-20   1.4721e-60   6.3290e-05   1.0000e+00

outlayer =

   1.0000e+00   1.0000e+00   1.3283e-13   2.5067e-27   1.0000e+00   1.0000e+00   1.0000e+00   2.0837e-54   1.0000e+00   1.0000e+00

out = 0
outlayer =

   1.0000e+00   1.0000e+00   1.3283e-13   2.5067e-27   1.0000e+00   1.0000e+00   1.0000e+00   2.0837e-54   1.0000e+00   1.0000e+00

outlayer =

   1.0000e+00   1.0000e+00   5.3636e-29   6.1375e-35   1.0000e+00   1.0000e+00   1.0000e+00   4.3454e-56   1.0000e+00   1.0000e+00

out = 0
outlayer =

   1.0000e+00   1.0000e+00   5.3636e-29   6.1375e-35   1.0000e+00   1.0000e+00   1.0000e+00   4.3454e-56   1.0000e+00   1.0000e+00

outlayer =

   1.0000e+00   1.0000e+00   8.5202e-08   7.1809e-27   1.0000e+00   1.0000e+00   1.0000e+00   1.1597e-70   9.9999e-01   1.0000e+00

out = 0
outlayer =

   1.0000e+00   1.0000e+00   8.5202e-08   7.1809e-27   1.0000e+00   1.0000e+00   1.0000e+00   1.1597e-70   9.9999e-01   1.0000e+00

outlayer =

   1.0000e+00   1.0000e+00   3.1227e-40   2.6364e-41   1.0000e+00   1.0000e+00   1.0000e+00   1.3292e-56   1.0000e+00   1.0000e+00

out = 0
outlayer =

   1.0000e+00   1.0000e+00   3.1227e-40   2.6364e-41   1.0000e+00   1.0000e+00   1.0000e+00   1.3292e-56   1.0000e+00   1.0000e+00

outlayer =

   1.0000e+00   1.0000e+00   8.1459e-38   7.2935e-32   1.0000e+00   1.0000e+00   1.0000e+00   3.3475e-63   1.0000e+00   1.0000e+00

out = 0
outlayer =

   1.0000e+00   1.0000e+00   8.1459e-38   7.2935e-32   1.0000e+00   1.0000e+00   1.0000e+00   3.3475e-63   1.0000e+00   1.0000e+00

outlayer =

   1.0000e+00   9.9976e-01   3.5427e-25   1.0969e-37   1.0000e+00   1.0000e+00   1.0000e+00   3.2943e-73   1.0000e+00   8.5066e-01

out = 4
